6 4 4
(0,0) 
(1,0) (0,0) (0,0) (0,0) 
(0.04573845694569556031,0.1947863785626029465) (0.2109642862384568662,-0.2615542846711848557) (-0.02080931795909969975,-0.01591737267036965817) (0.4039962422185772173,0.05846967863667488358) (0.02656782644346150635,-0.05653573143813928059) (0.03780862647043435609,0.003179624812409591241) (0.1712537811042065539,-0.1704627264937028097) (-0.0002046376993337789823,-0.1140424455245477864) (0.2448812828334031577,0.02805821808041885149) (-0.02592994080555336214,-0.03176231206090672499) 
(-0.06143287495356276884,-0.08275913374862760297) (0,0) (-0.2095476603124355186,0.03100421258063135524) (0.1403611442925492281,0.06490968872070536355) (0.1510511476334821801,0.2367019316325118528) (-0.07379255650473900974,-0.6535944924175840498) (-0.3491940146759726638,0.5101146158358915716) (0.4265188018057874397,-0.07508773678736059554) (-0.5893435942408240535,-0.5249852531737383421) (0.2336403476707496207,-0.2071805299813184176) (-0.1719696932921507271,0.09292547732319020315) (0.08955256301266431573,0.009656697952472644703) (0.05188985721807463231,0.1195255386530829356) (0,0) (-0.3299068402332990257,0.04903050393914749894) (-0.0217833831959200093,-0.2374078936032484322) (0.05087742077528332324,0.09385220724867640585) (0.04029515031952114051,0.02596820073621195282) (-0.01471580950066844057,-0.05299372442254000198) (0.01975037358925761655,-0.006467484579848682864) 
(0.0842724181532740757,0.04864661694981546602) (0.130066276527494612,-0.1462060243932361003) (-0.2744007098920424603,0.0575888158455299809) (0.3471703285748752865,-0.008799337393934184709) (-0.182686913181749927,-0.09406488138956668743) (-0.02531676544718600499,0.05541642169494932074) (-0.004298340255062007426,-0.6041146067166420774) (-0.4751470643729217014,1.117554658884997165) (0.6457618690016750929,-0.6517260889588925021) (0.3712933947243021726,0.2950638157504306691) (-1.056046568635296667,-1.094349532246128298) (0.7662229802154927327,1.470123664941114239) (0.6196236429233404897,-0.2878310537571581729) (-1.418974119394099676,0.2701188374253344349) (0.0387542150089750792,-0.4965537632441022753) (0.1534506744160867575,-0.1691857952663392284) (-0.2933075581045326841,-0.1081770179757229333) (0.119566387981516753,0.1057391955038184811) (-0.1390109340964279239,-0.1255450296818849398) (0.07885398034463506067,-0.2227134585892633634) (-0.5765188107669372286,0.2362988447128845371) (0.6039656116229392691,-0.2311437213018140702) (-0.05924179444480984214,-0.3527758493053007038) (-0.09530937153917810878,0.8889912232874661591) (-0.3941360545703656015,-0.2001823254004109209) (-0.1278394181608084323,-0.1478615605976828506) (-0.06067582472811013095,0.06570480089792175848) (-0.04799560517841115759,-0.04487814685357067318) (-0.1644494550809983968,0.01392946585876898152) (0.127432593036902353,0.05376325897605158805) (-0.1269157968616216881,0.08154725095725494366) (-0.06343186620936454301,0.03646777085838510263) (-0.009495429882894049212,0.01834466267347941229) (0.001315030856608083096,0.0271091276017882514) (0.002866634394900974617,0.01126764500757308773) 
(-0.09308783758795707852,0.01203131037172308973) (0.0893680180354579079,0.1603690725590012911) (0,0) (0.1284669176917926647,-0.1076729262652267177) (-0.3820571177215332792,0.03614001921132672934) (0.1712080531469700184,0.09547086105256195887) (-0.05289939949056039065,0.0851724216911558113) (0.5267087829593199988,-0.2100510412976030472) (-0.3255015301843878772,0.3353894959267953446) (0.675678750759141189,-1.295107797236070502) (-0.7198228696273809568,0.6025298144915330889) (-0.1008904802141790125,0.3653514878074448635) (0.04335971706008516502,-1.075017468332880366) (1.061153416240102842,2.235814108553093593) (-0.5365771718285621272,-1.934366395341539757) (0.6331124488226631541,0.3768529989920424983) (-2.233961021027732752,-0.4301818332490696672) (2.459592527571053733,0.4444280294026528022) (0.5971110861493508226,-0.6900250696214020873) (-0.9944999821808994112,1.500042851246137898) (-0.3450342656890879045,-0.4537021223675128945) (-0.02962068212077131543,0.2343984772160126739) (0.2981014874147886462,-0.08266417501160987225) (0.008044047078434361786,-0.1952053787496189907) (-0.23968874430993789,0.02477794373712869508) (0.192494085159987699,0.09729548484811197107) (0.2451654423624751167,0.2288943574584975105) (0,0) (0.4020593937871812518,-0.4136734313762780446) (-0.7153267138841233885,0.3954278186034355103) (0.4385703252465871227,-0.2662464497766984795) (-0.3578320521381412878,0.6933696565777751619) (0.2554230385356169308,-1.400447075180026424) (-0.171545403351190201,-0.537681755034786879) (0.9354717837218725629,0.9993694458835942207) (-0.5536810977530008948,0.1273474335290332993) (0.2299966462218535346,0.09098135759995482075) (0.03446184165276777733,-0.2081041217155142342) (-0.1051082520747333854,0.002129306985033917361) (0.09988435429332304105,0.03416291118911868319) (0.2657243285836393132,-0.1463160670889336323) (-0.07132457390072413639,-0.2747555613444650491) (-0.2095271842091717962,0.1153070345084191567) (0,0) (0.08643216685102253494,-0.1642768173826654743) (-0.03939344566289568195,0.1150149515279765278) (0.08525378713979782364,-0.107605740561552532) (-0.05114878334374059476,-0.04840090748049815511) (0.0236386746736206993,-0.0009750413526628135073) (-0.01635237117864118267,-0.1249888729887531358) (-0.07176114070763767172,0.01919168884292879115) (-0.01597391561243994423,-0.02777902338691641548) (-0.02274930026482761478,-0.03593862132419278765) (-0.01113673974356228259,-0.002190343693643791254) (-0.01980681120525037628,-0.003496922514778249939) (-0.005937138325946540382,0.001357143065024560931) 
(0.04593063565516315033,-0.05905204051012765548) (-0.1609552620038964543,-0.008876595579221591842) (0.02284643615174330317,0.07193649594065174013) (0.03113282659144092981,0.02171421787298023071) (-0.1389964511729578633,0.1730216514185667631) (0.3538404648606027769,-0.06827666129880388679) (-0.1311633743237835548,-0.06852497541946217519) (-0.1010374186720928297,-0.1071351175614417145) (0.1322318945730260042,0.466028835534146757) (-0.006209189190237579536,-0.3267426318638624871) (0.01304421211543346087,-0.4229431544363825846) (-0.4745063944659390631,1.316890953641164597) (0.535063692803871338,-0.4757840371395457013) (-0.3239709096700847391,0.005209331669773684635) (0.9646154799498303234,-0.2917834291123604373) (-0.5543363368273007685,0.7263813910607753721) (-1.079032346845212986,-2.148265808854349146) (0.3629188384218107188,1.527357271218912738) (-0.1645356800768064121,0.7182731920931948455) (-0.3256527548166263109,-1.817868957289680898) (2.5995687090087638,1.370445040299649309) (-2.06484485964023623,-0.8665702246667239539) (0.987225719061356588,0.33136279465816465) (-2.492213028123900997,0.7397680700072094551) (2.04826975271216849,-1.255395288464688619) (0.2878867794179097994,-0.9899805349968380241) (0.1234736423954651968,1.659746917230190189) (-0.4990705348686047538,-0.1357199713908040228) (-0.1107584240877313303,-0.1499761991048453036) (-0.1109458756401871526,0.272265217469610521) (0.1014860559268268014,-0.01552396873718903114) (0.01789957687624922633,0.1280340231251295702) (0.29653167491748883,-0.1536294601479614441) (-0.2016814365694542532,-0.04418237008076473377) (-0.3270062959829776461,0.116360282225442882) (0.2820231549882543098,0.05281359530273838088) (0.08955642870223451402,0.05899474495206451924) (-0.2928551587227141706,0.7893415905296198298) (0.5809883913527766897,-0.5273229926812919022) (0.2481647366159485946,0.4970040969982879031) (-0.4543665770861306519,-0.5224677466919452895) (0.2240206545977151964,-0.9829904917290398503) (-0.1327737455710989722,1.36760914653675103) (0.6258505186030309808,-0.4318913106572846994) (-0.07857016223227439311,1.370330573116179451) (-0.8745028800155537629,-1.535293290464311955) (-0.5741732852910946816,-0.6506921967659534678) (1.558169663868940402,0.352219389596276633) (-0.419606876267484219,0.4699312760926624422) (-0.1946120300012300075,0.05725571073979742603) (0.1312106288113654706,0.1852608288856470442) (0.08358761003966810876,0.04356320640464652477) (0.1229929287698932339,-0.1217832919640113865) (-0.1361093123520075443,0.01421308498449714262) (-0.08741807552766896194,0.2995152902767450609) (0.1447693522500800578,0.01071275334346002278) (0.1381591586640146807,0.225296539071477675) (0.1841555881188877419,-0.3186367735044823846) (0.1606979094123744678,-0.06786026535155041672) (0.01642303592523433262,-0.07692975299373190634) (0.06426752686081919907,0.2903634068043974836) (-0.1712784443309096072,-0.08720970832056450239) (0.08384717944836540815,-0.209830900767015327) (0.05439513060868567812,0.1820112078581426762) (-0.0237664791740146604,0.1312376674670005239) (0.1127603937414157764,0.02567982044457490023) (0.03952536266056470848,-0.06287871442718893922) (-0.05179721583963834558,0.01922908143139916495) (0.0986447427536185778,0.160524722335783715) (0.1180147184453091969,0.02199880704196133241) (0.05700485282323890235,-0.1159590335270802436) (0.02626010676420549583,0.003992676030690467219) (0.06387296321995103443,0.036223063890021584) (0.002737845822249523713,-0.01472806548804386252) (0.047741643211424524,0.03941789148007130567) (0.03522427012529459611,-0.02334051276924664284) (-0.005428325789927878654,0.003578380533024924041) (0.07277210934873198922,0.002342323267442174631) (0.01567382287637236402,-0.04315818609386470883) (0.008822899514738035548,-0.0003499016835514599105) (0.01696480629079429384,-0.008093974702896449686) (0.001307969899046310027,-0.006814575651799230707) (0.004891470229248402572,-0.01094249496657481377) (-0.0002944280284915582954,-0.002680451540554594069) 
(0,0) 
(0,0) (1,0) (0,0) (0,0) 
(0.02138157320299045525,0.03873726347717863089) (-0.0914769138913915647,-0.3895727571252046717) (-0.1054821431192278641,0.1307771423355920948) (0.2129564932036009661,0.1711785113908182443) (-0.4039962422185756075,-0.05846967863667477949) (0.03577285295623715278,-0.134687074403046253) (0.03888443569700122254,-0.03518285787894945976) (-0.1712537811042059155,0.1704627264937026432) (0.2054928319466628461,-0.2096005245466438516) (-0.01416863366594180162,-0.007063845228441717819) 
(-0.3104074513593728657,0.01950379435522642257) (0.1155572906248654719,0.2772947609271285141) (0,0) (0.06720276859021002969,-0.02767173495123728677) (-0.2981739294253213934,0.2220477167713681421) (-0.1797982006250150866,-0.02256629458021437717) (0.06322251140272387715,0.2699926004571556182) (0.1593285196401794668,0.1107281596734248502) (-0.2977345501800945926,0.06468359181435680283) (-0.001931504960834245187,-0.1193113298921792548) (-0.05365395695524519115,0.6156614029981385405) (0.430955596475427416,-0.1710401259243683192) (-0.07712174309737115929,-0.1163280161304667826) (0.1822306390737644111,0.4364903121977567468) (0,0) (0.02774208233638826224,0.1071143064517028343) (0.3846104097758891172,0.07673291226833582612) (-0.06697108417410062298,-0.1361662287782827441) (0.1574660885047578784,-0.05871243122058610042) (0.02258113700939983273,-0.0737484219296972443) 
(0.2943051169504853348,-0.3944520953042423006) (-0.5428842414433410202,-0.2219675836561009197) (-0.1465997973413404598,0.2999900597557021431) (0.1639691498343983644,0.01077569924999392109) (-0.05726752968962624951,-0.006328393975658232889) (-0.2509675241321958072,-0.5848533881563460213) (-0.3770360814907904867,0.06387976667607472847) (0.151346593324792944,0.5059839251761369949) (0.09090193826153736278,-0.2564562095243813622) (-0.3143355594176364121,0.03874900665481958301) (-0.3018144267111179668,-0.03611167113727280914) (0.4156551888844827736,0.2160264743551172095) (0.1400233832810147683,-0.01851533492404707978) (-0.2239764573022467731,0.2725533718436490838) (-0.06301107733678293354,-0.0935328447762193288) (-0.6539689238872098409,-0.8748377108197156193) (-0.7298935092757637966,0.7116671937808599635) (0.2875010183516404361,0.2126606703039795043) (0.02463725392289839791,-0.006299516280395750685) (-1.090902981202774402,-0.05235391829209495862) (-0.1996519367039550352,0.7146248152938875497) (0.1882513670298599784,-0.06262150299160841593) (-0.2919529736638536432,0.1567375973645640241) (0.185616240234261598,0.2080450725795717493) (-0.07201553859649517664,0.05764482243521581312) (-0.9215994469933136424,0.3362258466043301364) (0.2406696656937184209,0.5871662097136181035) (0.1343812471444697787,-0.03759015012807748191) (-0.3616977530875357671,0.657650001491925762) (0.1880495222477396033,0.09732883880998688397) (-0.01620305585368343737,0.1789178066199616501) (0.03179826289525522487,0.423675096147475283) (0.1413172661115571771,-0.01043617070790999433) (0.1219396750051500999,0.1383997303170185489) (0.07172352577457864753,0.01258138965412440927) 
(0.1302835553020917636,0.5437263934028232493) (0.641247361705935992,-0.4295552138496266936) (-0.1927412608913006697,-0.1391406736672285704) (0,0) (-0.1250887767365714831,0.03333656844039537687) (0.04355546242657824113,0.01676206814569988074) (0.8726611073726038281,-0.009140234662466195301) (-0.2250720793233523254,-0.6496185487356321842) (-0.02302886334801668156,0.3923777624107548934) (-0.002243818825720195198,-0.4388416675675251843) (-0.1409580723280949577,0.1896979119152403803) (0.07041780667970812257,-0.601835667226791049) (-0.4254624496639353715,-0.006221336522106150901) (0.5428829337107741182,0.2601967819931155779) (-0.306487481372259174,-0.3922058451594521156) (-0.1926363187626743689,-0.002136630060952064182) (-0.3523363777737324454,0.1983448995605542053) (0.5216388902899251612,-0.1919266714011159669) (0.06422271457001804684,-0.114302943982424729) (-0.0004596935453715405759,0.3464489928699506782) (-0.0934603157649295524,-0.03500548749938162119) (1.322425439641764733,0.1494937333196957596) (-0.0474179455610422157,-1.45954842104106719) (-0.2883266343609471316,-0.1594077140242810553) (-0.259945623306554463,0.1089574363258360434) (0.0248265798220588009,0.02487115421889985259) (0.8869427579601241174,-1.384047599534100614) (-0.7086536452097900174,-0.408772069703840002) (0,0) (-0.1988919451065802868,0.1279761641777620029) (-0.4568682987488824621,-0.506826503933789696) (0.1338321480867528668,0.5551790879448986749) (-0.10142658405212851,-0.418203031119117663) (-0.2929817697262976361,0.06750226051649521608) (0.3555693631550443379,0.05473560117169984363) (-0.05281756963271886512,0.1026985379641239815) (0.7046994815274784107,-1.226598723350802445) (-1.017139453049171083,-0.6912089368132539047) (-0.3659455268697069941,0.09053044002703561355) (-0.02176415089624247901,0.09108132860617647319) (-0.4651080112567113067,-1.344960131326731867) (-0.5378156133027424124,-0.1152128452754490884) (-0.2156550758361981401,0.1361217559055766246) (-0.2559300509941454527,-0.0616504751314499444) (0,0) (0.0311573585176638454,0.05643851091655500973) (-0.5068473613747530582,-0.7138576421618275658) (-0.5262865972152384053,0.1968870931890858433) (-0.03008336672032136533,0.1247441646111824703) (-0.6522656813409072329,-0.1929595971935866017) (-0.1641366480264929706,0.1102956565819608603) (-0.08552091915341045181,-0.005531658208955620229) (-0.3052345291614919631,0.07087917989993207379) (-0.01648387850789725245,0.1108099240991460288) (-0.1003211724365779267,0.0981173141141210986) (-0.004412200242132769366,0.04913124808069663924) 
(-0.4631683313875992747,-0.1952776101840189293) (0.02166385671919964298,0.8628394486400599028) (0.3323694796031610443,-0.1732676598154603009) (0.0431786968274349911,-0.01337324728978657278) (-0.0358841585156117332,0.05224315197228996538) (0.08938508688878823993,-0.03347896184112854334) (-0.02747814147807935148,-0.01485273284936476125) (-0.3861431230243639323,0.9168515042941720594) (1.133452444160029993,-0.05343299985203530528) (-0.2656652484848109341,-0.1592320070501878904) (-0.1239080898843426537,-0.1213634101641589691) (0.003180323680607342711,0.3502119525628203944) (0.110872741561180127,-0.11060296091744512) (0.8805444351848347173,0.3157452478823684072) (-0.07012759676551398591,-0.8313152066357419878) (0.04664005569844804217,0.3169461331812008509) (-0.4562905490073771442,-0.2963230140295312065) (0.1387729352401324834,0.3134682405127525162) (0.1878699896296528449,-0.5017528417777776806) (-0.5072488740617360214,0.02432814256907438535) (0.5523495517037786406,-0.07628016833166742505) (-0.4524512921420023037,-0.029884734657322682) (-0.08250603974867343204,-0.03452465951464019772) (-0.2453955995512999699,0.3282996844791216673) (0.2371527079952600592,-0.3508248306751307055) (-0.01844571730653741734,-0.1341495311859270123) (0.1293004157321067105,0.2240137640129081231) (-0.07357138163462213776,0.01265077478396211055) (-0.8187675920101135096,0.8893566291527882361) (1.467263043618713292,0.7900186701246405541) (0.1470641185830907638,-0.3233407542408369695) (0.156878838777248647,0.1131813016295207253) (0.1167347339372043213,-0.1650942554333906243) (-0.04018940154518901853,-0.01622835801292749763) (1.016458665985801257,1.580588748618656947) (0.9885288328387149548,-1.022029622762369305) (0.1209482821444744366,-0.0410062801983535688) (0.1104683180070293452,0.2141210724403265486) (0.1496269621332286248,-0.1408893563989433995) (1.020713967408057865,-0.7223102878363502066) (-0.6279381421879006719,-0.08130776239318626697) (-0.1323631913917533431,-0.2064510334379416334) (0.04156040714038330974,0.3693490398016988085) (-0.2525885790489197369,-0.5692859095954478921) (0.1746185555610925422,0.3687554897529536913) (-0.3618598712052570887,-0.2700860579349961266) (-0.3033475726841818876,0.08093919169528314417) (0.3322250480870766465,-0.1134154174350290589) (-0.008903616571067064778,0.1159227218908153306) (0.4524976541258073914,1.237306262039070015) (1.343584628499204126,-0.4674795070799958596) (0.3269516350779780312,-0.196136965753009318) (0.09687118360075351597,-0.2802458765908214522) (-0.0439390754816918333,-0.05087488221907485869) (1.587004537914917357,0.3965453377180409023) (0.4918229837215263855,-0.6887708836558203984) (0.408800432394367752,-0.02940724961976927398) (0.09641304312624203454,-0.2108734030931100345) (0.09763677890756157496,-0.4926685043425635957) (-0.06028079541278551917,-0.07170583983099089453) (0.1278534748079867001,0.0714834838780724624) (-0.1636306253414197831,0.0646081121334665387) (-0.02124087087234053511,-0.03952743603449198478) (0.01854601916645681053,0.02359369275857731152) (0.9020749121314302066,0.2424835274059451151) (0.4868875416965845471,-0.7142010441451683844) (0.07004145733528145679,-0.3765795570357960975) (-0.07238753279246003258,-0.07983626329458434756) (0.9681818161872163264,-0.3947310789140743847) (0.2418028051442904502,-0.5191816909941897595) (0.005034095592943894221,-0.2236756391133347954) (0.1328881849583540831,-0.1353595424054433172) (0.1021533891874697036,-0.05008579792148019905) (-0.01183786299137834161,-0.01334612603900008423) (0.3803195372293074472,-0.3216728101761962555) (-0.07282237321278524356,-0.3730420661434213359) (-0.08431131570185844415,-0.06646018290218337621) (0.1547071351175606513,-0.443678518738877925) (-0.06371701034544412223,-0.1683305782906659165) (0.006980898360062567573,-0.07895778893240795737) (-0.0414202741962067314,-0.1664520594640076234) (-0.07008635051085090883,-0.02648614170751825356) (-0.06252510158658185213,-0.06763610379383695748) (-0.02641321688620616726,-0.002076470716655580331) 
(0,0) 
(0,0) (0,0) (1,0) (0,0) 
(0.002684814473827316136,0.03564393620745936325) (-0.04035074555658178103,-0.3269341685331330627) (-0.06148367730785093271,-0.04756902205126479349) (0.05386320423328260637,0.396527066035789133) (0.2349732894238354686,-0.2402168336218324096) (0.1982839956991570285,0.0483877444321224523) (0.03890677262200634839,-0.01869931989654604818) (-0.1117641765221572547,0.002723484188045372217) (0.186746922352515804,-0.1533329242466132669) (-0.008341422944481655458,-0.01033333308016325808) 
(-0.2124076409741175731,-0.1950737120023685045) (-0.02853940881301441496,0.3110389635090680116) (0.02562891598424902814,-0.09895520918272447675) (0.05263680084780684304,0.01522599952282679796) (-0.4085688788377528913,-0.07929669587518085871) (0,0) (-0.09521620761195315197,0.1831970989910252368) (-0.1551556916292187172,0.2340319743005491171) (-0.2439575881890881093,-0.1318248285212235971) (0.06541716705712811997,-0.08498889344481379282) (-0.3992406613245550462,0.3556422123035321015) (0.3178177225548408646,0.04158322931746929324) (0.05366644154113700549,-0.03729643833691238808) (-0.05201757979148437239,0.4607294457730624626) (-0.08937055735673035683,0.01121681038574815804) (0,0) (0.1779106621861439586,0.2504152981402573142) (0.0336177855316895785,-0.08547973825054046293) (0.1086131863081856858,0.01413944330827171351) (0.05030396617887354649,-0.02542840905008807856) 
(0.4503240409114653287,-0.02331640971832450379) (-0.2526810244608607703,-0.508431776175251704) (-0.1465565494124654311,0.2325261953460091291) (0.07013367028132326542,0.001565158143839579657) (-0.04173351368347352763,-0.008700408330617467184) (0.2863379328494710108,-0.5764500548470574692) (-0.4707618760219856036,-0.0832819712707580373) (-0.02368955064103873964,0.3119998011959812523) (0.09358637742900367817,-0.1731103341740221069) (-0.2796357545211845541,-0.3714242181388331954) (-0.310667175402883633,0.1069558497988830348) (0.2938932879042876478,0.2496521302533505349) (-0.05718548657341885472,0.02433786810319892371) (-0.2467553659199971661,0.2199151166488070019) (-0.04927957743721572692,-0.0907724574068349277) (0.1875942030307496677,-0.9407343603425035727) (-0.8366960292411678157,0.0970890628258620908) (0.07628212774577584898,0.168370776546925921) (-0.03396219460999451434,0.01950116403140805116) (-0.7498453594674377998,-0.7363342310700279336) (-0.2267100079091926845,0.5671665648741267551) (0.08913604101116051615,-0.08674156351046152791) (-0.434359337548964386,-0.006878317543338343179) (0.1129541354322540075,0.2982246550270355456) (-0.1102425398430813552,0.09636407425123801052) (-0.7193595914926663726,-0.3669873239579585777) (-0.148758420386766399,0.4213980452413607636) (0.0460033622336373238,0.04508857227994504668) (-0.5643520547662421727,0.2457757087144645525) (0.07825694698578981867,0.0839589529408258789) (-0.02911218808556520835,0.1449923167656538003) (-0.2267554308693905396,0.2367506322007806585) (0.066647570909313128,0.06762238162152268972) (0.0001055257865597494923,0.1291224463088945507) (0.02671721072684431209,0.04676121302523302686) 
(-0.3200852948180551438,0.3917537462490925937) (0.6942187416535344768,0.1724704584072751512) (-0.07036142694179151058,-0.2054305220823082201) (0.03924125067646262038,-0.07108169177522066784) (-0.0707134958241089906,0.01504452124949719541) (0.03059482015456653145,0.00532771638649284611) (0.5289010815128801779,0.6561096977893443594) (0.2369990846300710219,-0.7004153162264139532) (0,0) (0.03736164407466337212,-0.3302475412261750565) (-0.08035029340155756816,0.1373066699277656622) (0.6206868517528741913,-0.3407240253846856026) (-0.5914820740787305464,-0.3733442312826371623) (0.5139072691198915965,0.2829733011908577289) (-0.2390120578728666678,-0.2911002204136738936) (-0.08808936466988427638,-0.3686473416057885477) (-0.3534029681597185002,0.3185973201872335792) (0.4628564629300779276,-0.183095319271185053) (-0.0519216205551441129,-0.09049341724135485932) (0.03768467603422202133,0.3467197967752532195) (-0.1002786815635584583,-0.01653409862896998775) (0.6303128222480748333,0.987700291285773857) (0.8639486281194150852,-0.9229608811079786923) (-0.1169745586398710374,-0.2132192534703951647) (-0.1345367413558929137,-0.03099692575592642718) (0.02902098314987163266,-0.007302606462152503447) (1.518209942807944746,-0.2649856398933027046) (-0.3438807398788499836,-0.6663362577186300317) (0.0906902505820354754,-0.3762125268361829478) (-0.09559684581267856307,0.09699914141440299509) (-0.01734616758765631511,-0.7582151520505129305) (0,0) (-0.05402830512438181604,-0.2943208056505834391) (-0.3836033193159492649,-0.1607891439259051258) (0.3101955259973213086,0.08601787757329101836) (-0.07033635276511020218,0.121197443715557393) (1.174537667964329124,-0.2122292434137729167) (-0.1895488187726455942,-0.9455472288871357156) (-0.2050995724704744727,-0.1037226751896825477) (-0.03225199428372444582,0.0003577237197792360003) (0.5272946289160094224,-1.110991825170656755) (-0.2884600395162297271,-0.2866186984629290335) (-0.1051185803175272299,0.001537099368930743698) (-0.1683059975184297841,-0.1734187351966945956) (-0.008396351283295629825,-0.1430614042546161646) (0,0) (0.1761074421999039019,-0.6807402217777568376) (-0.3620863459111959282,-0.1839768549771518269) (-0.06905449892794376932,0.02773090162280520896) (-0.2544713185805929645,-0.4676859821806270689) (-0.1243064425260351213,-0.008482457859129668987) (-0.0494291413685601505,-0.03998192665030349258) (-0.1902327805460456989,-0.1482672231204118785) (-0.06821151837442193666,0.03908346886256849895) (-0.1024208157352332615,-0.006094627237818665833) (-0.03128170223410846329,0.01965557591507285928) 
(-0.09904813989637621663,-0.4389560858965868562) (-0.5933726632587920102,0.5025634519208663775) (0.317850874280942497,0.09801853151113261442) (0.03652263261460635124,-0.00711930267946997257) (-0.0004193968197629942968,0.03111092594685534521) (0.05358128004016605994,-0.02681195691689028382) (-0.01909979253474062416,-0.0009245676340953848686) (-0.9067969985836873414,0.2213312506455537843) (0.816144152124601896,0.7590460966588701286) (-0.1561683541108677686,-0.3134414472136593521) (-0.01091124939923834164,-0.06778172446951710728) (0.0155644651704870858,0.2665150094618417009) (0.03821543228539361903,-0.08999448504981767682) (0.2713432654387128995,0.9427781801745191981) (0.5988835780605782366,-0.8210402072028409881) (-0.1313085199992711782,0.3035354383567318015) (-0.4340366672390235658,-0.2615358198711424942) (0.1551086416233913023,0.1781586382236171051) (0.7104924448411470417,-0.1304553056442761261) (-0.6819099864662738764,-0.3630767225540708076) (0.592373278168533135,-0.1673021749876202613) (-0.3666968925429353598,0.06971443668575219577) (0.01971189053713074887,-0.3299317549566492258) (-0.180703878307953314,0.4686443960468134606) (0.1210172106979795492,-0.3984723289527030143) (-0.1089383680449797498,-0.1121023375036087205) (0.2213959406593851431,0.1726304861227776766) (-0.06737393419418767626,0.04784101698836255162) (-1.056832748181602222,-0.1064788948696672871) (0.3065732783980536502,1.413432014542766346) (0.2685474632162932473,-0.1100349449612152558) (0.06901932168101010401,0.114610026277514862) (0.1096790123817542595,-0.04533514974838154937) (-0.02464770379423668681,0.006311068594819868247) (-0.534396378717743592,1.641651943659192758) (1.29157261259427214,-0.06276125589670750182) (0.1026181068246199146,-0.02284430724464452112) (0.04754549016261431366,0.2225779044266330553) (0.05858702012606457205,-0.09738344513406838043) (1.249900858906048073,0.2578174196343960278) (-0.5082782366126047391,-0.449869837714351184) (-0.01665282952516133896,-0.2011900662749803725) (0.05646282437220121603,0.2210556692824916514) (0.2278836399109513966,-0.6879045146793042464) (0.05136384527008361345,0.2881459483539411948) (-0.269736027181429916,-0.1875299766421260617) (-0.3459973306581239361,-0.1080284665931139643) (0.2900167585170243534,-0.1152412319588878853) (0.003631262792356180352,0.1254581369606868613) (-0.5960284670317076428,0.9536994957047302268) (1.02460619565000477,0.571841451865410022) (0.2750387746260204991,0.05337056196398429903) (0.1515068288150860643,-0.0828663583698501377) (0.006143899957130434346,-0.01068627414527451372) (0.6565100829481644862,1.27208471198348505) (0.677908123866983181,-0.1607236471611330209) (0.2243277113852922833,0.1296161886089870208) (0.08496539104634989736,-0.05872586193586631226) (0.3706289929930239313,-0.277764693708080046) (-0.04298143590879364984,-0.06402532708417384144) (0.04665302061894741059,0.08407490055008351448) (-0.1723056732732858309,-0.004777580420007365714) (0.01095321239042027286,-0.07603497383736275428) (0.03937151073617917163,0.01288304044194226936) (0.3037351086186195759,0.7064083500642028834) (0.6642756447624126315,-0.08207929617633838437) (0.2144346561013741326,-0.1367339885723498072) (0.01571813948251632106,-0.05183270083628901265) (0.7709351490658248318,0.3788444792265681649) (0.396087329125635601,-0.1588582736059114264) (0.08363346361159683384,-0.0921734791617846716) (0.1572057840401547835,-0.006220888194656474038) (0.06775552249102519131,0.007671649938550360696) (-0.008505788923369252824,-0.01197137442961063863) (0.3869631824376487672,0.08131728951057126675) (0.1791927103542481081,-0.2156090363152068645) (0.002982719890400355005,-0.06930297604132233669) (0.3417786746437572187,-0.1333501225712850069) (0.05226144097146605272,-0.1126378316684354258) (0.04618012939523337412,-0.03912935838230598151) (0.0835113622916086179,-0.1025925237851451483) (-0.01478264161945290305,-0.052054770753186895) (0.0101489902585515275,-0.06853327134602345272) (-0.01035346021116559552,-0.01717573877812336031) 
(0,0) 
(0,0) (0,0) (0,0) (1,0) 
(0.181192477234744298,-0.04308461723537572452) (-0.4007655900111924963,0.3861162952500508116) (0.01933012872086536937,0.03794019653343806003) (-0.2302270016180376078,-0.302278934871498095) (-0.07007593880034582168,0.07610418004774367751) (-0.05522820142217758216,-0.03239680468376206213) (-0.05386320423328298801,-0.3965270660357883004) (-0.2349732894238357184,0.2402168336218330758) (-0.3965679913983149452,-0.09677548886424493235) (-0.09337346117625765218,0.07666646212330649468) 
(-0.00797970695578968138,0.1561319407257465985) (-0.05502462451207722205,0.1981515041842611402) (0.4151753016529566298,0.154801275463502197) (-0.08925748244961284605,-0.2743267819187929502) (0.222344073259603453,-0.1432895889735704698) (-0.3670982388353583037,0.8378924698506665658) (1.055205123956921565,-0.210522024738917457) (-0.4117507294976132104,-0.3295567866443657179) (0.08635447602019095947,1.240681474980826593) (-0.4569288659698590993,-0.04475101200956718012) (0.2849988913511100619,0.0671415815768243579) (0,0) (0.1249094026228992765,-0.2655621471747209306) (0.1801643647220994848,-0.0194276165124926542) (0.6113570706562034829,0.2426388964547349647) (-0.1252587137773101822,0.2864040031651916562) (0.04456658214975840748,-0.1903221991839804117) (0.07508153700343395132,-0.1176551460686234701) (0,0) (-0.03499252881234990453,-0.01370003002685536882) 
(-0.116487870602926924,-0.08608699538985319089) (-0.1084242568477285645,0.1284198289471836507) (0.4627949778040346684,-0.0378461779066392584) (-0.5113445333169091001,-0.4426702453991350761) (0.0751781181324958081,0.3712349511222516329) (-0.03287726034436887212,0.1858791256986491447) (-0.3115358178450294835,0.5455550999673328683) (1.777199542118989228,-0.957346169088929777) (-1.617495667568686901,-0.1072247196306749945) (0.07288779010924634205,-0.4343757899177730919) (0.04696067732094384023,2.154128669692565001) (0.9634379334785601046,-2.570949270740694903) (-0.8297083113095036211,-0.3997151896990587816) (1.760196900979983603,1.389022963984747783) (-0.6127188726912665695,0.4168592347225129613) (-0.2622010878811036894,0.2042183007019542917) (0.2758700062524273577,0.2504831869883826223) (-0.1876283041692391185,-0.3549025317615492892) (-0.01811813942864208549,0.3806844311928166413) (0.02765013471618720312,0.2966969757053551371) (0.9961964244204961627,-0.2689759063303412412) (-1.162473511884319466,-0.4646816708343053381) (-0.07519972303111455147,0.382772375284437083) (1.03902279881706372,-1.047208274242740655) (0.2204592028571097373,0.5822197039740492075) (0.1467723903371623007,0.2885241999186554107) (0.05977720399281678809,-0.1850733089426852274) (-0.04737010423316716928,0.1881844315867911011) (0.362876900775605693,0.1119975497754036042) (-0.2194804817834906385,-0.2913724229907659335) (0.2254143900550213686,-0.1077314568090952385) (0.129587539884123748,-0.04720866466397200673) (-0.004064908539805307114,0.01782841174251038885) (-0.006437518833985699657,-0.08643287409351631256) (-0.002909050142110732734,-0.02122375502362171609) 
(0.1198163560547362283,-0.03786060960308169215) (-0.08788490619341972343,-0.1866099480098960262) (-0.08142829552159927542,0.1416057640801355877) (-0.3074028276214709754,0.01988340854731083379) (0.5201993615392654924,0.4913187272574602305) (-0.04428988395936586664,-0.3540715150987615023) (-0.0761951606088397404,-0.1539485126730948672) (-0.5398251806242341244,-0.1443700141045370089) (0.6775173597929944336,-0.1507563793716660827) (-2.439671841597395918,0.7217275250039177914) (1.625893863534540351,0.3477879194152547759) (0.2624138637008176511,0.01082397266992482857) (-0.9172190901896808413,0.9487893080410925162) (1.340206349999687685,-3.667178280639614485) (-1.972674639011232411,2.778368743476189451) (-0.0551136914811779996,-0.8578245155939019373) (1.686717434875722121,2.845871168501280302) (-1.950460994579337859,-3.536336229190193858) (-1.28572054931435531,-0.08083538118850593091) (2.778515496521316575,-0.2162990174297214907) (-0.2435216001154434373,0.8235832628400415745) (0.01073269763230335488,-0.3197808435837551366) (-0.4670273682171023899,0.06357745590217367404) (0,0) (0.437768057487619211,0.2832151199114234519) (-0.07606948454206649557,-0.4120608430991820614) (-0.3317468105159951941,-0.2023027394772049514) (-0.195623528637102001,0.7535783178695900641) (-1.040128145569699569,0.222820089521468867) (1.45310327188687638,0.5149129622366382941) (-0.4254206465929051273,-0.008618268656244558804) (1.015260737239524813,-0.562269133884660266) (-2.046941019700124542,1.391022560087409321) (-0.2576319892192467376,0.6673959813600810476) (0.107555677114522269,-2.152980664872269134) (0.677693086034950043,0.4890450025733287798) (-0.3510543569039476508,-0.136159659740867911) (-0.09747212011561873224,0.4018979487765316216) (0.297193561211299806,0.180419709255333599) (-0.06655792377340508104,-0.2390780589268445) (-0.3858272209478365022,0.1767159394449948628) (0,0) (0.5212937922186914319,0.1193552505221686932) (0.01187064864093498665,0.2880657511527844883) (-0.3000241051470667886,0.1658749177288978693) (0.1489439018970967199,-0.1036209643962577864) (-0.1522957946365555149,0.1948898551491306808) (0.1417539555620003222,0.08775398648499792287) (-0.02492690966275427217,-0.09026702531692037956) (-0.001160203964321860487,0.2269104067521973966) (0.1920386559636702017,0.07658486237485288839) (0,0) (0.05257550447586489817,0.06823634225287426858) (0.01238076252584078066,-0.01329984906803453361) (0.04765645240993938297,0.01181454798880037134) (0.01148154939780310704,-0.004884803120993031628) 
(-0.02112444327254886511,0.08968592430516170166) (0.2034620474011540336,-0.006728866743619655449) (-0.05737990350213777874,-0.04758383892988830854) (-0.04666234950769072853,-0.04212161820538692231) (0.3943717121993350894,-0.03833586379194906663) (-0.491059033404713019,-0.4306868234499878767) (0.03244920550560517758,0.2645474229419353951) (0.1705292904996286441,0.03415612224384333151) (0.1714182370504362674,-0.5457444521529775106) (-0.1779966773115779777,0.4184224325499466546) (-0.50054763256912993,0.4829104289540374628) (2.300716234713873209,-0.8248100200074925947) (-1.23581926640382167,-0.2734101736040889796) (0.0393289829903826979,0.1128749798170341351) (-1.057418448342971384,-0.5254693324248778108) (1.331473146366801474,-0.2278529590417786854) (-1.538217031137607327,3.680750195141929026) (1.723067864984005215,-2.073615536214548971) (0.7124139984678292681,-0.2182181254243046598) (-1.511401198914637201,1.949674750313180382) (-0.9932532972299984442,-4.469007619336792025) (0.9314480624573668877,3.589688707365504161) (-0.378339513167624375,-1.299732208043539394) (3.150711991798177625,2.226083694052785944) (-3.567599178234829971,-1.411561406421822484) (-1.413498274366470131,0.4961623140961056166) (1.974220807001359157,-1.664551421408231979) (0.2611428030939001443,0.7430502431242446137) (0.1975185991882154601,0.1257913376514273318) (0.1567755060374682041,-0.4227379842611423966) (-0.07167848136115287372,-0.03932715618276874658) (0.1271492792160975882,-0.2651537442360341612) (-0.6231111365261242652,-0.2174059821412416826) (0.1535266672492008044,0.3582076513618934754) (0.3190699415620698032,-0.2174858429271815385) (-0.4865539159570106964,-0.246180276478559501) (-0.1349461786180139178,-0.1154679730575584734) (1.390643368215043196,-0.6624919216789679766) (-1.430093035474592433,-0.2405266765495228665) (0.04549837202797499952,-0.495750260883235927) (0.09019439455138975048,0.8759186903892594023) (-1.367234569117711906,0.9583972990397641167) (1.986855397989814032,-1.38001320877176159) (-0.8440874109601397279,-0.1084263527876253852) (1.515885933226441606,-1.391327022942952407) (-0.9836852109094355034,2.749726345022454499) (-0.1090985469182429862,1.199508936254637614) (-1.131422519537485627,-2.239774147964809003) (0.9510857461849071548,0.06544118353622110917) (0.2370206337998202462,-0.1513445991610668229) (-0.2514636172509137624,-0.3431105643239955594) (-0.09702089070394581682,-0.1700313328928734213) (-0.4236742151055773453,0.02063233359494577243) (0.1884610966221433315,0.2187540522622863914) (0.06267757235820545225,-0.3801852406657902916) (-0.2012473571561226859,-0.1315169214522791952) (0.03593756388332429441,-0.5688449140913663937) (-0.7390583418977932917,0.1575634893807404957) (-0.2269524294942798504,-0.0394870142905440133) (-0.04290397942486612326,0.1230079292132179591) (0.279693438766567104,-0.4755879967990608304) (0.1139049087241496006,0.2018312759316329419) (-0.3445640443437629763,0.1531054410858476156) (0.1416289833236192286,-0.2551668853892959388) (-0.01263532244929337772,-0.2205184094649439985) (-0.2554749093463487553,-0.02649330743631570298) (-0.2041789934409574958,0.09988927733947554344) (0.1153084171891335524,0.09573332910718579392) (-0.1481798486589646635,-0.2325884336199238178) (-0.1546555367641873624,-0.07808934645109064099) (-0.2831918562387031324,0.1062598451697552571) (-0.06344099555372673116,-0.0659111210464721764) (-0.08570777418003402981,-0.1166411712665862133) (-0.007546258537950050957,0.02363372766051570484) (-0.1124342657734911516,-0.04860685104841206555) (-0.06940682849388610243,0.07768580381955449143) (0.03792502308682632606,0.02997103936507350408) (-0.1302172978657832603,-4.709363572333270451e-05) (-0.08543897183016313512,0.06382833875906795962) (-0.0200907072116771751,0.01405904877115448856) (-0.02821844574579701614,0.02980734585744044055) (0.006679357308518214797,0.0146656115715986593) (-0.008489913732997560192,0.02460823405693871035) (0.003082956483673367828,0.005153207087511281134) 
6 4 4
(0,0) 
(0.6320750000000000535,0.9484299999999999953) (0,0) (0,0) (0,0) 
(0,0) (0,0) (0,0) (0,0) (0,0) (0,0) (0,0) (0,0) (0,0) (0,0) 
(0,0) (-0.1276776223308374314,-0.207242728127175535) (0,0) (0,0) (0,0) (0,0) (0,0) (0,0) (0,0) (0,0) (0,0) (0,0) (0,0) (-0.05868919610407161147,-0.02873159690411686285) (0,0) (0,0) (0,0) (0,0) (0,0) (0,0) 
(0,0) (0,0) (0,0) (0,0) (0,0) (0,0) (0,0) (0,0) (0,0) (0,0) (0,0) (0,0) (0,0) (0,0) (0,0) (0,0) (0,0) (0,0) (0,0) (0,0) (0,0) (0,0) (0,0) (0,0) (0,0) (0,0) (0,0) (0,0) (0,0) (0,0) (0,0) (0,0) (0,0) (0,0) (0,0) 
(0,0) (0,0) (-0.02893024272044575351,0.002821418005976586429) (0,0) (0,0) (0,0) (0,0) (0,0) (0,0) (0,0) (0,0) (0,0) (0,0) (0,0) (0,0) (0,0) (0,0) (0,0) (0,0) (0,0) (0,0) (0,0) (0,0) (0,0) (0,0) (0,0) (0,0) (-0.2438979302333952881,-0.1584790259707979654) (0,0) (0,0) (0,0) (0,0) (0,0) (0,0) (0,0) (0,0) (0,0) (0,0) (0,0) (0,0) (0,0) (0,0) (0,0) (-0.121295214282626046,-0.04178718501384096062) (0,0) (0,0) (0,0) (0,0) (0,0) (0,0) (0,0) (0,0) (0,0) (0,0) (0,0) (0,0) 
(0,0) (0,0) (0,0) (0,0) (0,0) (0,0) (0,0) (0,0) (0,0) (0,0) (0,0) (0,0) (0,0) (0,0) (0,0) (0,0) (0,0) (0,0) (0,0) (0,0) (0,0) (0,0) (0,0) (0,0) (0,0) (0,0) (0,0) (0,0) (0,0) (0,0) (0,0) (0,0) (0,0) (0,0) (0,0) (0,0) (0,0) (0,0) (0,0) (0,0) (0,0) (0,0) (0,0) (0,0) (0,0) (0,0) (0,0) (0,0) (0,0) (0,0) (0,0) (0,0) (0,0) (0,0) (0,0) (0,0) (0,0) (0,0) (0,0) (0,0) (0,0) (0,0) (0,0) (0,0) (0,0) (0,0) (0,0) (0,0) (0,0) (0,0) (0,0) (0,0) (0,0) (0,0) (0,0) (0,0) (0,0) (0,0) (0,0) (0,0) (0,0) (0,0) (0,0) (0,0) 
(0,0) 
(0,0) (-0.6320750000000000535,-0.9484299999999999953) (0,0) (0,0) 
(0,0) (0,0) (0,0) (0,0) (0,0) (0,0) (0,0) (0,0) (0,0) (0,0) 
(0,0) (0,0) (0.1276776223308374314,0.207242728127175535) (0,0) (0,0) (0,0) (0,0) (0,0) (0,0) (0,0) (0,0) (0,0) (0,0) (0,0) (0.05868919610407161147,0.02873159690411686285) (0,0) (0,0) (0,0) (0,0) (0,0) 
(0,0) (0,0) (0,0) (0,0) (0,0) (0,0) (0,0) (0,0) (0,0) (0,0) (0,0) (0,0) (0,0) (0,0) (0,0) (0,0) (0,0) (0,0) (0,0) (0,0) (0,0) (0,0) (0,0) (0,0) (0,0) (0,0) (0,0) (0,0) (0,0) (0,0) (0,0) (0,0) (0,0) (0,0) (0,0) 
(0,0) (0,0) (0,0) (0.02893024272044575351,-0.002821418005976586429) (0,0) (0,0) (0,0) (0,0) (0,0) (0,0) (0,0) (0,0) (0,0) (0,0) (0,0) (0,0) (0,0) (0,0) (0,0) (0,0) (0,0) (0,0) (0,0) (0,0) (0,0) (0,0) (0,0) (0,0) (0.2438979302333952881,0.1584790259707979654) (0,0) (0,0) (0,0) (0,0) (0,0) (0,0) (0,0) (0,0) (0,0) (0,0) (0,0) (0,0) (0,0) (0,0) (0,0) (0.121295214282626046,0.04178718501384096062) (0,0) (0,0) (0,0) (0,0) (0,0) (0,0) (0,0) (0,0) (0,0) (0,0) (0,0) 
(0,0) (0,0) (0,0) (0,0) (0,0) (0,0) (0,0) (0,0) (0,0) (0,0) (0,0) (0,0) (0,0) (0,0) (0,0) (0,0) (0,0) (0,0) (0,0) (0,0) (0,0) (0,0) (0,0) (0,0) (0,0) (0,0) (0,0) (0,0) (0,0) (0,0) (0,0) (0,0) (0,0) (0,0) (0,0) (0,0) (0,0) (0,0) (0,0) (0,0) (0,0) (0,0) (0,0) (0,0) (0,0) (0,0) (0,0) (0,0) (0,0) (0,0) (0,0) (0,0) (0,0) (0,0) (0,0) (0,0) (0,0) (0,0) (0,0) (0,0) (0,0) (0,0) (0,0) (0,0) (0,0) (0,0) (0,0) (0,0) (0,0) (0,0) (0,0) (0,0) (0,0) (0,0) (0,0) (0,0) (0,0) (0,0) (0,0) (0,0) (0,0) (0,0) (0,0) (0,0) 
(0,0) 
(0,0) (0,0) (0.6320750000000000535,-0.9484299999999999953) (0,0) 
(0,0) (0,0) (0,0) (0,0) (0,0) (0,0) (0,0) (0,0) (0,0) (0,0) 
(0,0) (0,0) (0,0) (0,0) (0,0) (-0.0800109060964022123,0.03916974936611011121) (0,0) (0,0) (0,0) (0,0) (0,0) (0,0) (0,0) (0,0) (0,0) (-0.09365344526966998262,0.152015640187147999) (0,0) (0,0) (0,0) (0,0) 
(0,0) (0,0) (0,0) (0,0) (0,0) (0,0) (0,0) (0,0) (0,0) (0,0) (0,0) (0,0) (0,0) (0,0) (0,0) (0,0) (0,0) (0,0) (0,0) (0,0) (0,0) (0,0) (0,0) (0,0) (0,0) (0,0) (0,0) (0,0) (0,0) (0,0) (0,0) (0,0) (0,0) (0,0) (0,0) 
(0,0) (0,0) (0,0) (0,0) (0,0) (0,0) (0,0) (0,0) (-0.2254372727168755808,0.07766496872733524848) (0,0) (0,0) (0,0) (0,0) (0,0) (0,0) (0,0) (0,0) (0,0) (0,0) (0,0) (0,0) (0,0) (0,0) (0,0) (0,0) (0,0) (0,0) (0,0) (0,0) (0,0) (0,0) (-0.2438979302334063348,0.1584790259708117321) (0,0) (0,0) (0,0) (0,0) (0,0) (0,0) (0,0) (0,0) (0,0) (0,0) (0,0) (0,0) (0,0) (-0.01556574894530296516,-0.001518047559270582769) (0,0) (0,0) (0,0) (0,0) (0,0) (0,0) (0,0) (0,0) (0,0) (0,0) 
(0,0) (0,0) (0,0) (0,0) (0,0) (0,0) (0,0) (0,0) (0,0) (0,0) (0,0) (0,0) (0,0) (0,0) (0,0) (0,0) (0,0) (0,0) (0,0) (0,0) (0,0) (0,0) (0,0) (0,0) (0,0) (0,0) (0,0) (0,0) (0,0) (0,0) (0,0) (0,0) (0,0) (0,0) (0,0) (0,0) (0,0) (0,0) (0,0) (0,0) (0,0) (0,0) (0,0) (0,0) (0,0) (0,0) (0,0) (0,0) (0,0) (0,0) (0,0) (0,0) (0,0) (0,0) (0,0) (0,0) (0,0) (0,0) (0,0) (0,0) (0,0) (0,0) (0,0) (0,0) (0,0) (0,0) (0,0) (0,0) (0,0) (0,0) (0,0) (0,0) (0,0) (0,0) (0,0) (0,0) (0,0) (0,0) (0,0) (0,0) (0,0) (0,0) (0,0) (0,0) 
(0,0) 
(0,0) (0,0) (0,0) (-0.6320750000000000535,0.9484299999999999953) 
(0,0) (0,0) (0,0) (0,0) (0,0) (0,0) (0,0) (0,0) (0,0) (0,0) 
(0,0) (0,0) (0,0) (0,0) (0,0) (0,0) (0,0) (0,0) (0,0) (0,0) (0,0) (0.0800109060964022123,-0.03916974936611011121) (0,0) (0,0) (0,0) (0,0) (0,0) (0,0) (0.09365344526966998262,-0.152015640187147999) (0,0) 
(0,0) (0,0) (0,0) (0,0) (0,0) (0,0) (0,0) (0,0) (0,0) (0,0) (0,0) (0,0) (0,0) (0,0) (0,0) (0,0) (0,0) (0,0) (0,0) (0,0) (0,0) (0,0) (0,0) (0,0) (0,0) (0,0) (0,0) (0,0) (0,0) (0,0) (0,0) (0,0) (0,0) (0,0) (0,0) 
(0,0) (0,0) (0,0) (0,0) (0,0) (0,0) (0,0) (0,0) (0,0) (0,0) (0,0) (0,0) (0,0) (0,0) (0,0) (0,0) (0,0) (0,0) (0,0) (0,0) (0,0) (0,0) (0,0) (0.2254372727168755808,-0.07766496872733524848) (0,0) (0,0) (0,0) (0,0) (0,0) (0,0) (0,0) (0,0) (0,0) (0,0) (0,0) (0,0) (0,0) (0,0) (0,0) (0,0) (0,0) (0.2438979302334063348,-0.1584790259708117321) (0,0) (0,0) (0,0) (0,0) (0,0) (0,0) (0,0) (0,0) (0,0) (0.01556574894530296516,0.001518047559270582769) (0,0) (0,0) (0,0) (0,0) 
(0,0) (0,0) (0,0) (0,0) (0,0) (0,0) (0,0) (0,0) (0,0) (0,0) (0,0) (0,0) (0,0) (0,0) (0,0) (0,0) (0,0) (0,0) (0,0) (0,0) (0,0) (0,0) (0,0) (0,0) (0,0) (0,0) (0,0) (0,0) (0,0) (0,0) (0,0) (0,0) (0,0) (0,0) (0,0) (0,0) (0,0) (0,0) (0,0) (0,0) (0,0) (0,0) (0,0) (0,0) (0,0) (0,0) (0,0) (0,0) (0,0) (0,0) (0,0) (0,0) (0,0) (0,0) (0,0) (0,0) (0,0) (0,0) (0,0) (0,0) (0,0) (0,0) (0,0) (0,0) (0,0) (0,0) (0,0) (0,0) (0,0) (0,0) (0,0) (0,0) (0,0) (0,0) (0,0) (0,0) (0,0) (0,0) (0,0) (0,0) (0,0) (0,0) (0,0) (0,0) 
6 4 4
(0,0) 
(0,0) (0,0) (0,0) (0,0) 
(0,0) (0,0) (0,0) (0,0) (0,0) (0,0) (0,0) (0,0) (0,0) (0,0) 
(0,0) (-1.942890293094023946e-16,-2.775557561562891351e-16) (0,0) (0,0) (0,0) (0,0) (0,0) (0,0) (0,0) (0,0) (0,0) (0,0) (0,0) (8.326672684688674053e-17,1.387778780781445676e-16) (0,0) (0,0) (0,0) (0,0) (0,0) (0,0) 
(0,0) (0,0) (0,0) (0,0) (0,0) (0,0) (0,0) (0,0) (0,0) (0,0) (0,0) (0,0) (0,0) (0,0) (0,0) (0,0) (0,0) (0,0) (0,0) (0,0) (0,0) (0,0) (0,0) (0,0) (0,0) (0,0) (0,0) (0,0) (0,0) (0,0) (0,0) (0,0) (0,0) (0,0) (0,0) 
(0,0) (0,0) (5.828670879282071837e-16,-1.373900992973631219e-15) (0,0) (0,0) (0,0) (0,0) (0,0) (0,0) (0,0) (0,0) (0,0) (0,0) (0,0) (0,0) (0,0) (0,0) (0,0) (0,0) (0,0) (0,0) (0,0) (0,0) (0,0) (0,0) (0,0) (0,0) (8.493206138382447534e-15,-3.63598040564738767e-15) (0,0) (0,0) (0,0) (0,0) (0,0) (0,0) (0,0) (0,0) (0,0) (0,0) (0,0) (0,0) (0,0) (0,0) (0,0) (3.670674875166923812e-15,-1.665334536937734811e-16) (0,0) (0,0) (0,0) (0,0) (0,0) (0,0) (0,0) (0,0) (0,0) (0,0) (0,0) (0,0) 
(0,0) (0,0) (0,0) (0,0) (0,0) (0,0) (0,0) (0,0) (0,0) (0,0) (0,0) (0,0) (0,0) (0,0) (0,0) (0,0) (0,0) (0,0) (0,0) (0,0) (0,0) (0,0) (0,0) (0,0) (0,0) (0,0) (0,0) (0,0) (0,0) (0,0) (0,0) (0,0) (0,0) (0,0) (0,0) (0,0) (0,0) (0,0) (0,0) (0,0) (0,0) (0,0) (0,0) (0,0) (0,0) (0,0) (0,0) (0,0) (0,0) (0,0) (0,0) (0,0) (0,0) (0,0) (0,0) (0,0) (0,0) (0,0) (0,0) (0,0) (0,0) (0,0) (0,0) (0,0) (0,0) (0,0) (0,0) (0,0) (0,0) (0,0) (0,0) (0,0) (0,0) (0,0) (0,0) (0,0) (0,0) (0,0) (0,0) (0,0) (0,0) (0,0) (0,0) (0,0) 
(0,0) 
(0,0) (0,0) (0,0) (0,0) 
(0,0) (0,0) (0,0) (0,0) (0,0) (0,0) (0,0) (0,0) (0,0) (0,0) 
(0,0) (0,0) (-1.942890293094023946e-16,-2.775557561562891351e-16) (0,0) (0,0) (0,0) (0,0) (0,0) (0,0) (0,0) (0,0) (0,0) (0,0) (0,0) (8.326672684688674053e-17,1.387778780781445676e-16) (0,0) (0,0) (0,0) (0,0) (0,0) 
(0,0) (0,0) (0,0) (0,0) (0,0) (0,0) (0,0) (0,0) (0,0) (0,0) (0,0) (0,0) (0,0) (0,0) (0,0) (0,0) (0,0) (0,0) (0,0) (0,0) (0,0) (0,0) (0,0) (0,0) (0,0) (0,0) (0,0) (0,0) (0,0) (0,0) (0,0) (0,0) (0,0) (0,0) (0,0) 
(0,0) (0,0) (0,0) (5.828670879282071837e-16,-1.373900992973631219e-15) (0,0) (0,0) (0,0) (0,0) (0,0) (0,0) (0,0) (0,0) (0,0) (0,0) (0,0) (0,0) (0,0) (0,0) (0,0) (0,0) (0,0) (0,0) (0,0) (0,0) (0,0) (0,0) (0,0) (0,0) (8.493206138382447534e-15,-3.63598040564738767e-15) (0,0) (0,0) (0,0) (0,0) (0,0) (0,0) (0,0) (0,0) (0,0) (0,0) (0,0) (0,0) (0,0) (0,0) (0,0) (3.670674875166923812e-15,-1.665334536937734811e-16) (0,0) (0,0) (0,0) (0,0) (0,0) (0,0) (0,0) (0,0) (0,0) (0,0) (0,0) 
(0,0) (0,0) (0,0) (0,0) (0,0) (0,0) (0,0) (0,0) (0,0) (0,0) (0,0) (0,0) (0,0) (0,0) (0,0) (0,0) (0,0) (0,0) (0,0) (0,0) (0,0) (0,0) (0,0) (0,0) (0,0) (0,0) (0,0) (0,0) (0,0) (0,0) (0,0) (0,0) (0,0) (0,0) (0,0) (0,0) (0,0) (0,0) (0,0) (0,0) (0,0) (0,0) (0,0) (0,0) (0,0) (0,0) (0,0) (0,0) (0,0) (0,0) (0,0) (0,0) (0,0) (0,0) (0,0) (0,0) (0,0) (0,0) (0,0) (0,0) (0,0) (0,0) (0,0) (0,0) (0,0) (0,0) (0,0) (0,0) (0,0) (0,0) (0,0) (0,0) (0,0) (0,0) (0,0) (0,0) (0,0) (0,0) (0,0) (0,0) (0,0) (0,0) (0,0) (0,0) 
(0,0) 
(0,0) (0,0) (0,0) (0,0) 
(0,0) (0,0) (0,0) (0,0) (0,0) (0,0) (0,0) (0,0) (0,0) (0,0) 
(0,0) (0,0) (0,0) (0,0) (0,0) (5.551115123125782702e-17,4.787836793695987581e-16) (0,0) (0,0) (0,0) (0,0) (0,0) (0,0) (0,0) (0,0) (0,0) (-8.326672684688674053e-16,2.775557561562891351e-17) (0,0) (0,0) (0,0) (0,0) 
(0,0) (0,0) (0,0) (0,0) (0,0) (0,0) (0,0) (0,0) (0,0) (0,0) (0,0) (0,0) (0,0) (0,0) (0,0) (0,0) (0,0) (0,0) (0,0) (0,0) (0,0) (0,0) (0,0) (0,0) (0,0) (0,0) (0,0) (0,0) (0,0) (0,0) (0,0) (0,0) (0,0) (0,0) (0,0) 
(0,0) (0,0) (0,0) (0,0) (0,0) (0,0) (0,0) (0,0) (3.982925100842749089e-15,-7.216449660063517513e-16) (0,0) (0,0) (0,0) (0,0) (0,0) (0,0) (0,0) (0,0) (0,0) (0,0) (0,0) (0,0) (0,0) (0,0) (0,0) (0,0) (0,0) (0,0) (0,0) (0,0) (0,0) (0,0) (2.331468351712828735e-15,1.0269562977782698e-15) (0,0) (0,0) (0,0) (0,0) (0,0) (0,0) (0,0) (0,0) (0,0) (0,0) (0,0) (0,0) (0,0) (-1.942890293094023946e-16,8.326672684688674053e-17) (0,0) (0,0) (0,0) (0,0) (0,0) (0,0) (0,0) (0,0) (0,0) (0,0) 
(0,0) (0,0) (0,0) (0,0) (0,0) (0,0) (0,0) (0,0) (0,0) (0,0) (0,0) (0,0) (0,0) (0,0) (0,0) (0,0) (0,0) (0,0) (0,0) (0,0) (0,0) (0,0) (0,0) (0,0) (0,0) (0,0) (0,0) (0,0) (0,0) (0,0) (0,0) (0,0) (0,0) (0,0) (0,0) (0,0) (0,0) (0,0) (0,0) (0,0) (0,0) (0,0) (0,0) (0,0) (0,0) (0,0) (0,0) (0,0) (0,0) (0,0) (0,0) (0,0) (0,0) (0,0) (0,0) (0,0) (0,0) (0,0) (0,0) (0,0) (0,0) (0,0) (0,0) (0,0) (0,0) (0,0) (0,0) (0,0) (0,0) (0,0) (0,0) (0,0) (0,0) (0,0) (0,0) (0,0) (0,0) (0,0) (0,0) (0,0) (0,0) (0,0) (0,0) (0,0) 
(0,0) 
(0,0) (0,0) (0,0) (0,0) 
(0,0) (0,0) (0,0) (0,0) (0,0) (0,0) (0,0) (0,0) (0,0) (0,0) 
(0,0) (0,0) (0,0) (0,0) (0,0) (0,0) (0,0) (0,0) (0,0) (0,0) (0,0) (5.551115123125782702e-17,4.787836793695987581e-16) (0,0) (0,0) (0,0) (0,0) (0,0) (0,0) (-8.326672684688674053e-16,2.775557561562891351e-17) (0,0) 
(0,0) (0,0) (0,0) (0,0) (0,0) (0,0) (0,0) (0,0) (0,0) (0,0) (0,0) (0,0) (0,0) (0,0) (0,0) (0,0) (0,0) (0,0) (0,0) (0,0) (0,0) (0,0) (0,0) (0,0) (0,0) (0,0) (0,0) (0,0) (0,0) (0,0) (0,0) (0,0) (0,0) (0,0) (0,0) 
(0,0) (0,0) (0,0) (0,0) (0,0) (0,0) (0,0) (0,0) (0,0) (0,0) (0,0) (0,0) (0,0) (0,0) (0,0) (0,0) (0,0) (0,0) (0,0) (0,0) (0,0) (0,0) (0,0) (3.982925100842749089e-15,-7.216449660063517513e-16) (0,0) (0,0) (0,0) (0,0) (0,0) (0,0) (0,0) (0,0) (0,0) (0,0) (0,0) (0,0) (0,0) (0,0) (0,0) (0,0) (0,0) (2.331468351712828735e-15,1.0269562977782698e-15) (0,0) (0,0) (0,0) (0,0) (0,0) (0,0) (0,0) (0,0) (0,0) (-1.942890293094023946e-16,8.326672684688674053e-17) (0,0) (0,0) (0,0) (0,0) 
(0,0) (0,0) (0,0) (0,0) (0,0) (0,0) (0,0) (0,0) (0,0) (0,0) (0,0) (0,0) (0,0) (0,0) (0,0) (0,0) (0,0) (0,0) (0,0) (0,0) (0,0) (0,0) (0,0) (0,0) (0,0) (0,0) (0,0) (0,0) (0,0) (0,0) (0,0) (0,0) (0,0) (0,0) (0,0) (0,0) (0,0) (0,0) (0,0) (0,0) (0,0) (0,0) (0,0) (0,0) (0,0) (0,0) (0,0) (0,0) (0,0) (0,0) (0,0) (0,0) (0,0) (0,0) (0,0) (0,0) (0,0) (0,0) (0,0) (0,0) (0,0) (0,0) (0,0) (0,0) (0,0) (0,0) (0,0) (0,0) (0,0) (0,0) (0,0) (0,0) (0,0) (0,0) (0,0) (0,0) (0,0) (0,0) (0,0) (0,0) (0,0) (0,0) (0,0) (0,0) 
6 2 1
(0.6320750000000000535,0.9484299999999999953) 
(-0.1276776223308374314,-0.207242728127175535) (-0.05868919610407161147,-0.02873159690411686285) 
(-0.02893024272044575351,0.002821418005976586429) (-0.2438979302333952881,-0.1584790259707979654) (-0.121295214282626046,-0.04178718501384096062) 
(0,0) (0,0) (0,0) (0,0) 
(0,0) (0,0) (0,0) (0,0) (0,0) 
(0,0) (0,0) (0,0) (0,0) (0,0) (0,0) 
(0,0) (0,0) (0,0) (0,0) (0,0) (0,0) (0,0) 
6 2 1
(0.6320750000000000535,-0.9484299999999999953) 
(-0.0800109060964022123,0.03916974936611011121) (-0.09365344526966998262,0.152015640187147999) 
(-0.2254372727168755808,0.07766496872733524848) (-0.2438979302334063348,0.1584790259708117321) (-0.01556574894530296516,-0.001518047559270582769) 
(0,0) (0,0) (0,0) (0,0) 
(0,0) (0,0) (0,0) (0,0) (0,0) 
(0,0) (0,0) (0,0) (0,0) (0,0) (0,0) 
(0,0) (0,0) (0,0) (0,0) (0,0) (0,0) (0,0) 
