4 4 4
(0,0) 
(1,0) (0,0) (0,0) (0,0) 
(0.04573845694569556031,0.1947863785626029465) (0.2109642862384568662,-0.2615542846711848557) (-0.02080931795909969975,-0.01591737267036965817) (0.4039962422185772173,0.05846967863667488358) (0.02656782644346150635,-0.05653573143813928059) (0.03780862647043435609,0.003179624812409591241) (0.1712537811042065539,-0.1704627264937028097) (-0.0002046376993337789823,-0.1140424455245477864) (0.2448812828334031577,0.02805821808041885149) (-0.02592994080555336214,-0.03176231206090672499) 
(-0.06143287495356276884,-0.08275913374862760297) (0,0) (-0.2095476603124355186,0.03100421258063135524) (0.1403611442925492281,0.06490968872070536355) (0.1510511476334821801,0.2367019316325118528) (-0.07379255650473900974,-0.6535944924175840498) (-0.3491940146759726638,0.5101146158358915716) (0.4265188018057874397,-0.07508773678736059554) (-0.5893435942408240535,-0.5249852531737383421) (0.2336403476707496207,-0.2071805299813184176) (-0.1719696932921507271,0.09292547732319020315) (0.08955256301266431573,0.009656697952472644703) (0.05188985721807463231,0.1195255386530829356) (0,0) (-0.3299068402332990257,0.04903050393914749894) (-0.0217833831959200093,-0.2374078936032484322) (0.05087742077528332324,0.09385220724867640585) (0.04029515031952114051,0.02596820073621195282) (-0.01471580950066844057,-0.05299372442254000198) (0.01975037358925761655,-0.006467484579848682864) 
(0.0842724181532740757,0.04864661694981546602) (0.130066276527494612,-0.1462060243932361003) (-0.2744007098920424603,0.0575888158455299809) (0.3471703285748752865,-0.008799337393934184709) (-0.182686913181749927,-0.09406488138956668743) (-0.02531676544718600499,0.05541642169494932074) (-0.004298340255062007426,-0.6041146067166420774) (-0.4751470643729217014,1.117554658884997165) (0.6457618690016750929,-0.6517260889588925021) (0.3712933947243021726,0.2950638157504306691) (-1.056046568635296667,-1.094349532246128298) (0.7662229802154927327,1.470123664941114239) (0.6196236429233404897,-0.2878310537571581729) (-1.418974119394099676,0.2701188374253344349) (0.0387542150089750792,-0.4965537632441022753) (0.1534506744160867575,-0.1691857952663392284) (-0.2933075581045326841,-0.1081770179757229333) (0.119566387981516753,0.1057391955038184811) (-0.1390109340964279239,-0.1255450296818849398) (0.07885398034463506067,-0.2227134585892633634) (-0.5765188107669372286,0.2362988447128845371) (0.6039656116229392691,-0.2311437213018140702) (-0.05924179444480984214,-0.3527758493053007038) (-0.09530937153917810878,0.8889912232874661591) (-0.3941360545703656015,-0.2001823254004109209) (-0.1278394181608084323,-0.1478615605976828506) (-0.06067582472811013095,0.06570480089792175848) (-0.04799560517841115759,-0.04487814685357067318) (-0.1644494550809983968,0.01392946585876898152) (0.127432593036902353,0.05376325897605158805) (-0.1269157968616216881,0.08154725095725494366) (-0.06343186620936454301,0.03646777085838510263) (-0.009495429882894049212,0.01834466267347941229) (0.001315030856608083096,0.0271091276017882514) (0.002866634394900974617,0.01126764500757308773) 
(0,0) 
(0,0) (1,0) (0,0) (0,0) 
(0.02138157320299045525,0.03873726347717863089) (-0.0914769138913915647,-0.3895727571252046717) (-0.1054821431192278641,0.1307771423355920948) (0.2129564932036009661,0.1711785113908182443) (-0.4039962422185756075,-0.05846967863667477949) (0.03577285295623715278,-0.134687074403046253) (0.03888443569700122254,-0.03518285787894945976) (-0.1712537811042059155,0.1704627264937026432) (0.2054928319466628461,-0.2096005245466438516) (-0.01416863366594180162,-0.007063845228441717819) 
(-0.3104074513593728657,0.01950379435522642257) (0.1155572906248654719,0.2772947609271285141) (0,0) (0.06720276859021002969,-0.02767173495123728677) (-0.2981739294253213934,0.2220477167713681421) (-0.1797982006250150866,-0.02256629458021437717) (0.06322251140272387715,0.2699926004571556182) (0.1593285196401794668,0.1107281596734248502) (-0.2977345501800945926,0.06468359181435680283) (-0.001931504960834245187,-0.1193113298921792548) (-0.05365395695524519115,0.6156614029981385405) (0.430955596475427416,-0.1710401259243683192) (-0.07712174309737115929,-0.1163280161304667826) (0.1822306390737644111,0.4364903121977567468) (0,0) (0.02774208233638826224,0.1071143064517028343) (0.3846104097758891172,0.07673291226833582612) (-0.06697108417410062298,-0.1361662287782827441) (0.1574660885047578784,-0.05871243122058610042) (0.02258113700939983273,-0.0737484219296972443) 
(0.2943051169504853348,-0.3944520953042423006) (-0.5428842414433410202,-0.2219675836561009197) (-0.1465997973413404598,0.2999900597557021431) (0.1639691498343983644,0.01077569924999392109) (-0.05726752968962624951,-0.006328393975658232889) (-0.2509675241321958072,-0.5848533881563460213) (-0.3770360814907904867,0.06387976667607472847) (0.151346593324792944,0.5059839251761369949) (0.09090193826153736278,-0.2564562095243813622) (-0.3143355594176364121,0.03874900665481958301) (-0.3018144267111179668,-0.03611167113727280914) (0.4156551888844827736,0.2160264743551172095) (0.1400233832810147683,-0.01851533492404707978) (-0.2239764573022467731,0.2725533718436490838) (-0.06301107733678293354,-0.0935328447762193288) (-0.6539689238872098409,-0.8748377108197156193) (-0.7298935092757637966,0.7116671937808599635) (0.2875010183516404361,0.2126606703039795043) (0.02463725392289839791,-0.006299516280395750685) (-1.090902981202774402,-0.05235391829209495862) (-0.1996519367039550352,0.7146248152938875497) (0.1882513670298599784,-0.06262150299160841593) (-0.2919529736638536432,0.1567375973645640241) (0.185616240234261598,0.2080450725795717493) (-0.07201553859649517664,0.05764482243521581312) (-0.9215994469933136424,0.3362258466043301364) (0.2406696656937184209,0.5871662097136181035) (0.1343812471444697787,-0.03759015012807748191) (-0.3616977530875357671,0.657650001491925762) (0.1880495222477396033,0.09732883880998688397) (-0.01620305585368343737,0.1789178066199616501) (0.03179826289525522487,0.423675096147475283) (0.1413172661115571771,-0.01043617070790999433) (0.1219396750051500999,0.1383997303170185489) (0.07172352577457864753,0.01258138965412440927) 
(0,0) 
(0,0) (0,0) (1,0) (0,0) 
(0.002684814473827316136,0.03564393620745936325) (-0.04035074555658178103,-0.3269341685331330627) (-0.06148367730785093271,-0.04756902205126479349) (0.05386320423328260637,0.396527066035789133) (0.2349732894238354686,-0.2402168336218324096) (0.1982839956991570285,0.0483877444321224523) (0.03890677262200634839,-0.01869931989654604818) (-0.1117641765221572547,0.002723484188045372217) (0.186746922352515804,-0.1533329242466132669) (-0.008341422944481655458,-0.01033333308016325808) 
(-0.2124076409741175731,-0.1950737120023685045) (-0.02853940881301441496,0.3110389635090680116) (0.02562891598424902814,-0.09895520918272447675) (0.05263680084780684304,0.01522599952282679796) (-0.4085688788377528913,-0.07929669587518085871) (0,0) (-0.09521620761195315197,0.1831970989910252368) (-0.1551556916292187172,0.2340319743005491171) (-0.2439575881890881093,-0.1318248285212235971) (0.06541716705712811997,-0.08498889344481379282) (-0.3992406613245550462,0.3556422123035321015) (0.3178177225548408646,0.04158322931746929324) (0.05366644154113700549,-0.03729643833691238808) (-0.05201757979148437239,0.4607294457730624626) (-0.08937055735673035683,0.01121681038574815804) (0,0) (0.1779106621861439586,0.2504152981402573142) (0.0336177855316895785,-0.08547973825054046293) (0.1086131863081856858,0.01413944330827171351) (0.05030396617887354649,-0.02542840905008807856) 
(0.4503240409114653287,-0.02331640971832450379) (-0.2526810244608607703,-0.508431776175251704) (-0.1465565494124654311,0.2325261953460091291) (0.07013367028132326542,0.001565158143839579657) (-0.04173351368347352763,-0.008700408330617467184) (0.2863379328494710108,-0.5764500548470574692) (-0.4707618760219856036,-0.0832819712707580373) (-0.02368955064103873964,0.3119998011959812523) (0.09358637742900367817,-0.1731103341740221069) (-0.2796357545211845541,-0.3714242181388331954) (-0.310667175402883633,0.1069558497988830348) (0.2938932879042876478,0.2496521302533505349) (-0.05718548657341885472,0.02433786810319892371) (-0.2467553659199971661,0.2199151166488070019) (-0.04927957743721572692,-0.0907724574068349277) (0.1875942030307496677,-0.9407343603425035727) (-0.8366960292411678157,0.0970890628258620908) (0.07628212774577584898,0.168370776546925921) (-0.03396219460999451434,0.01950116403140805116) (-0.7498453594674377998,-0.7363342310700279336) (-0.2267100079091926845,0.5671665648741267551) (0.08913604101116051615,-0.08674156351046152791) (-0.434359337548964386,-0.006878317543338343179) (0.1129541354322540075,0.2982246550270355456) (-0.1102425398430813552,0.09636407425123801052) (-0.7193595914926663726,-0.3669873239579585777) (-0.148758420386766399,0.4213980452413607636) (0.0460033622336373238,0.04508857227994504668) (-0.5643520547662421727,0.2457757087144645525) (0.07825694698578981867,0.0839589529408258789) (-0.02911218808556520835,0.1449923167656538003) (-0.2267554308693905396,0.2367506322007806585) (0.066647570909313128,0.06762238162152268972) (0.0001055257865597494923,0.1291224463088945507) (0.02671721072684431209,0.04676121302523302686) 
(0,0) 
(0,0) (0,0) (0,0) (1,0) 
(0.181192477234744298,-0.04308461723537572452) (-0.4007655900111924963,0.3861162952500508116) (0.01933012872086536937,0.03794019653343806003) (-0.2302270016180376078,-0.302278934871498095) (-0.07007593880034582168,0.07610418004774367751) (-0.05522820142217758216,-0.03239680468376206213) (-0.05386320423328298801,-0.3965270660357883004) (-0.2349732894238357184,0.2402168336218330758) (-0.3965679913983149452,-0.09677548886424493235) (-0.09337346117625765218,0.07666646212330649468) 
(-0.00797970695578968138,0.1561319407257465985) (-0.05502462451207722205,0.1981515041842611402) (0.4151753016529566298,0.154801275463502197) (-0.08925748244961284605,-0.2743267819187929502) (0.222344073259603453,-0.1432895889735704698) (-0.3670982388353583037,0.8378924698506665658) (1.055205123956921565,-0.210522024738917457) (-0.4117507294976132104,-0.3295567866443657179) (0.08635447602019095947,1.240681474980826593) (-0.4569288659698590993,-0.04475101200956718012) (0.2849988913511100619,0.0671415815768243579) (0,0) (0.1249094026228992765,-0.2655621471747209306) (0.1801643647220994848,-0.0194276165124926542) (0.6113570706562034829,0.2426388964547349647) (-0.1252587137773101822,0.2864040031651916562) (0.04456658214975840748,-0.1903221991839804117) (0.07508153700343395132,-0.1176551460686234701) (0,0) (-0.03499252881234990453,-0.01370003002685536882) 
(-0.116487870602926924,-0.08608699538985319089) (-0.1084242568477285645,0.1284198289471836507) (0.4627949778040346684,-0.0378461779066392584) (-0.5113445333169091001,-0.4426702453991350761) (0.0751781181324958081,0.3712349511222516329) (-0.03287726034436887212,0.1858791256986491447) (-0.3115358178450294835,0.5455550999673328683) (1.777199542118989228,-0.957346169088929777) (-1.617495667568686901,-0.1072247196306749945) (0.07288779010924634205,-0.4343757899177730919) (0.04696067732094384023,2.154128669692565001) (0.9634379334785601046,-2.570949270740694903) (-0.8297083113095036211,-0.3997151896990587816) (1.760196900979983603,1.389022963984747783) (-0.6127188726912665695,0.4168592347225129613) (-0.2622010878811036894,0.2042183007019542917) (0.2758700062524273577,0.2504831869883826223) (-0.1876283041692391185,-0.3549025317615492892) (-0.01811813942864208549,0.3806844311928166413) (0.02765013471618720312,0.2966969757053551371) (0.9961964244204961627,-0.2689759063303412412) (-1.162473511884319466,-0.4646816708343053381) (-0.07519972303111455147,0.382772375284437083) (1.03902279881706372,-1.047208274242740655) (0.2204592028571097373,0.5822197039740492075) (0.1467723903371623007,0.2885241999186554107) (0.05977720399281678809,-0.1850733089426852274) (-0.04737010423316716928,0.1881844315867911011) (0.362876900775605693,0.1119975497754036042) (-0.2194804817834906385,-0.2913724229907659335) (0.2254143900550213686,-0.1077314568090952385) (0.129587539884123748,-0.04720866466397200673) (-0.004064908539805307114,0.01782841174251038885) (-0.006437518833985699657,-0.08643287409351631256) (-0.002909050142110732734,-0.02122375502362171609) 
4 4 4
(0,0) 
(0.6320750000000000535,0.9484299999999999953) (0,0) (0,0) (0,0) 
(0,0) (0,0) (0,0) (0,0) (0,0) (0,0) (0,0) (0,0) (0,0) (0,0) 
(0,0) (-0.1276776223308374314,-0.207242728127175535) (0,0) (0,0) (0,0) (0,0) (0,0) (0,0) (0,0) (0,0) (0,0) (0,0) (0,0) (-0.05868919610407161147,-0.02873159690411686285) (0,0) (0,0) (0,0) (0,0) (0,0) (0,0) 
(0,0) (0,0) (0,0) (0,0) (0,0) (0,0) (0,0) (0,0) (0,0) (0,0) (0,0) (0,0) (0,0) (0,0) (0,0) (0,0) (0,0) (0,0) (0,0) (0,0) (0,0) (0,0) (0,0) (0,0) (0,0) (0,0) (0,0) (0,0) (0,0) (0,0) (0,0) (0,0) (0,0) (0,0) (0,0) 
(0,0) 
(0,0) (-0.6320750000000000535,-0.9484299999999999953) (0,0) (0,0) 
(0,0) (0,0) (0,0) (0,0) (0,0) (0,0) (0,0) (0,0) (0,0) (0,0) 
(0,0) (0,0) (0.1276776223308374314,0.207242728127175535) (0,0) (0,0) (0,0) (0,0) (0,0) (0,0) (0,0) (0,0) (0,0) (0,0) (0,0) (0.05868919610407161147,0.02873159690411686285) (0,0) (0,0) (0,0) (0,0) (0,0) 
(0,0) (0,0) (0,0) (0,0) (0,0) (0,0) (0,0) (0,0) (0,0) (0,0) (0,0) (0,0) (0,0) (0,0) (0,0) (0,0) (0,0) (0,0) (0,0) (0,0) (0,0) (0,0) (0,0) (0,0) (0,0) (0,0) (0,0) (0,0) (0,0) (0,0) (0,0) (0,0) (0,0) (0,0) (0,0) 
(0,0) 
(0,0) (0,0) (0.6320750000000000535,-0.9484299999999999953) (0,0) 
(0,0) (0,0) (0,0) (0,0) (0,0) (0,0) (0,0) (0,0) (0,0) (0,0) 
(0,0) (0,0) (0,0) (0,0) (0,0) (-0.0800109060964022123,0.03916974936611011121) (0,0) (0,0) (0,0) (0,0) (0,0) (0,0) (0,0) (0,0) (0,0) (-0.09365344526966998262,0.152015640187147999) (0,0) (0,0) (0,0) (0,0) 
(0,0) (0,0) (0,0) (0,0) (0,0) (0,0) (0,0) (0,0) (0,0) (0,0) (0,0) (0,0) (0,0) (0,0) (0,0) (0,0) (0,0) (0,0) (0,0) (0,0) (0,0) (0,0) (0,0) (0,0) (0,0) (0,0) (0,0) (0,0) (0,0) (0,0) (0,0) (0,0) (0,0) (0,0) (0,0) 
(0,0) 
(0,0) (0,0) (0,0) (-0.6320750000000000535,0.9484299999999999953) 
(0,0) (0,0) (0,0) (0,0) (0,0) (0,0) (0,0) (0,0) (0,0) (0,0) 
(0,0) (0,0) (0,0) (0,0) (0,0) (0,0) (0,0) (0,0) (0,0) (0,0) (0,0) (0.0800109060964022123,-0.03916974936611011121) (0,0) (0,0) (0,0) (0,0) (0,0) (0,0) (0.09365344526966998262,-0.152015640187147999) (0,0) 
(0,0) (0,0) (0,0) (0,0) (0,0) (0,0) (0,0) (0,0) (0,0) (0,0) (0,0) (0,0) (0,0) (0,0) (0,0) (0,0) (0,0) (0,0) (0,0) (0,0) (0,0) (0,0) (0,0) (0,0) (0,0) (0,0) (0,0) (0,0) (0,0) (0,0) (0,0) (0,0) (0,0) (0,0) (0,0) 
4 4 4
(0,0) 
(0,0) (0,0) (0,0) (0,0) 
(0,0) (0,0) (0,0) (0,0) (0,0) (0,0) (0,0) (0,0) (0,0) (0,0) 
(0,0) (-1.942890293094023946e-16,-2.775557561562891351e-16) (0,0) (0,0) (0,0) (0,0) (0,0) (0,0) (0,0) (0,0) (0,0) (0,0) (0,0) (8.326672684688674053e-17,1.387778780781445676e-16) (0,0) (0,0) (0,0) (0,0) (0,0) (0,0) 
(0,0) (0,0) (0,0) (0,0) (0,0) (0,0) (0,0) (0,0) (0,0) (0,0) (0,0) (0,0) (0,0) (0,0) (0,0) (0,0) (0,0) (0,0) (0,0) (0,0) (0,0) (0,0) (0,0) (0,0) (0,0) (0,0) (0,0) (0,0) (0,0) (0,0) (0,0) (0,0) (0,0) (0,0) (0,0) 
(0,0) 
(0,0) (0,0) (0,0) (0,0) 
(0,0) (0,0) (0,0) (0,0) (0,0) (0,0) (0,0) (0,0) (0,0) (0,0) 
(0,0) (0,0) (-1.942890293094023946e-16,-2.775557561562891351e-16) (0,0) (0,0) (0,0) (0,0) (0,0) (0,0) (0,0) (0,0) (0,0) (0,0) (0,0) (8.326672684688674053e-17,1.387778780781445676e-16) (0,0) (0,0) (0,0) (0,0) (0,0) 
(0,0) (0,0) (0,0) (0,0) (0,0) (0,0) (0,0) (0,0) (0,0) (0,0) (0,0) (0,0) (0,0) (0,0) (0,0) (0,0) (0,0) (0,0) (0,0) (0,0) (0,0) (0,0) (0,0) (0,0) (0,0) (0,0) (0,0) (0,0) (0,0) (0,0) (0,0) (0,0) (0,0) (0,0) (0,0) 
(0,0) 
(0,0) (0,0) (0,0) (0,0) 
(0,0) (0,0) (0,0) (0,0) (0,0) (0,0) (0,0) (0,0) (0,0) (0,0) 
(0,0) (0,0) (0,0) (0,0) (0,0) (5.551115123125782702e-17,4.787836793695987581e-16) (0,0) (0,0) (0,0) (0,0) (0,0) (0,0) (0,0) (0,0) (0,0) (-8.326672684688674053e-16,2.775557561562891351e-17) (0,0) (0,0) (0,0) (0,0) 
(0,0) (0,0) (0,0) (0,0) (0,0) (0,0) (0,0) (0,0) (0,0) (0,0) (0,0) (0,0) (0,0) (0,0) (0,0) (0,0) (0,0) (0,0) (0,0) (0,0) (0,0) (0,0) (0,0) (0,0) (0,0) (0,0) (0,0) (0,0) (0,0) (0,0) (0,0) (0,0) (0,0) (0,0) (0,0) 
(0,0) 
(0,0) (0,0) (0,0) (0,0) 
(0,0) (0,0) (0,0) (0,0) (0,0) (0,0) (0,0) (0,0) (0,0) (0,0) 
(0,0) (0,0) (0,0) (0,0) (0,0) (0,0) (0,0) (0,0) (0,0) (0,0) (0,0) (5.551115123125782702e-17,4.787836793695987581e-16) (0,0) (0,0) (0,0) (0,0) (0,0) (0,0) (-8.326672684688674053e-16,2.775557561562891351e-17) (0,0) 
(0,0) (0,0) (0,0) (0,0) (0,0) (0,0) (0,0) (0,0) (0,0) (0,0) (0,0) (0,0) (0,0) (0,0) (0,0) (0,0) (0,0) (0,0) (0,0) (0,0) (0,0) (0,0) (0,0) (0,0) (0,0) (0,0) (0,0) (0,0) (0,0) (0,0) (0,0) (0,0) (0,0) (0,0) (0,0) 
4 2 1
(0.6320750000000000535,0.9484299999999999953) 
(-0.1276776223308374314,-0.207242728127175535) (-0.05868919610407161147,-0.02873159690411686285) 
(0,0) (0,0) (0,0) 
(0,0) (0,0) (0,0) (0,0) 
(0,0) (0,0) (0,0) (0,0) (0,0) 
4 2 1
(0.6320750000000000535,-0.9484299999999999953) 
(-0.0800109060964022123,0.03916974936611011121) (-0.09365344526966998262,0.152015640187147999) 
(0,0) (0,0) (0,0) 
(0,0) (0,0) (0,0) (0,0) 
(0,0) (0,0) (0,0) (0,0) (0,0) 
